696
358
538
696
353
694
899
370
467
425
273
640
349
474
352
722
846
490
348
487
683
326
271
423
130
194
561
488
759
780
1030
526
642
806
405
1021
811
356
512
636
522
491
758
202
529
937
787
482
636
362
1117
264
290
41
427
496
937
713
829
275
927
478
653
555
827
542
832
612
831
697
995
762
47
313
811
1101
341
443
668
991
1006
736
369
1382
622
699
820
645
737
792
963
712
412
536
352
845
420
722
559
993
578
825
824
600
687
433
429
327
596
722
1328
884
884
1287
790
719
908
1021
1107
1107
1303
1280
1165
1206
1166
802
795
1310
845
814
1152
1123
1087
1804
1346
994
1175
795
683
656
684
723
1312
981
1012
945
945
1221
1141
1175
1028
428
600
606
516
640
783
1055
400
505
479
661
688
432
380
901
457
503
677
707
1162
839
547
885
524
823
788
432
774
569
478
590
962
382
327
327
400
301
659
418
656
636
509
393
763
497
510
659
463
390
435
355
276
878
759
861
817
1148
817
875
954
719
1412
960
999
774
1330
1091
1040
652
954
942
735
652
742
1000
1243
1713
1502
1243
1031
1172
1462
890
855
695
744
878
974
1218
875
449
700
692
435
1195
367
820
620
642
432
1102
1069
1069
1359
1153
1038
599
918
846
884
211
211
324
1241
608
677
861
1363
850
1264
767
729
1523
1813
1369
1112
1009
1156
1397
1097
892
746
905
729
1056
1111
882
1217
1087
985
1159
782
1216
953
423
470
1406
722
522
1235
709
436
375
1268
798
795
1021
1021
991
807
666
1022
666
819
922
1152
697
799
893
958
700
555
640
376
282
561
779
340
742
511
333
901
650
828
985
581
441
776
558
297
243
378
313
581
633
321
407
448
350
999
392
538
1028
622
503
440
915
742
762
1090
545
498
658
898
919
584
623
455
522
533
722
778
1481
797
597
672
550
784
434
455
333
522
803
333
623
860
569
852
498
1186
474
419
289
393
393
1031
553
610
986
291
593
1279
550
1052
681
978
622
708
551
265
725
689
751
1593
1605
1467
985
1011
1187
1010
723
766
936
719
769
754
749
986
1615
1030
1489
612
758
1175
925
677
372
584
903
693
983
754
844
628
611
382
561
602
594
463
750
584
766
1096
1104
989
746
723
761
668
747
780
667
608
978
622
1153
424
162
284
716
360
189
162
542
492
683
363
492
681
587
581
362
386
564
361
388
600
691
213
322
518
758
272
216
277
441
809
809
1052
750
745
1090
709
938
1067
1026
882
663
1192
766
766
1236
1495
1042
256
1173
953
605
947
1389
1557
869
1024
1146
1312
816
1118
1006
729
944
1197
960
658
1177
1064
708
810
734
993
1073
1179
1014
947
1336
397
532
1055
907
768
1755
1453
1268
857
1046
781
798
688
741
704
538
704
356
759
244
473
244
643
860
1162
860
829
619
390
989
633
435
665
173
881
359
614
558
589
964
266
259
334
236
598
413
378
716
422
419
240
224
396
186
311
630
1315
959
761
1131
761
991
871
1051
662
881
1485
1362
1006
808
1407
1051
1582
1233
765
591
922
591
880
1319
998
1110
957
677
677
968
547
512
512
295
555
856
686
961
1107
791
588
97
212
228
228
547
456
717
410
273
820
60
297
703
1162
969
1268
1155
1293
807
628
824
719
1066
1136
1194
838
774
851
930
870
891
647
1036
1630
1424
870
1004
1100
744
503
482
540
1003
1001
687
468
345
374
649
60
315
1168
1305
1096
780
1070
478
571
571
818
412
293
1041
382
520
705
532
552
880
727
288
288
372
709
935
194
245
425
323
613
1271
1065
1002
566
587
810
999
1100
340
340
468
574
645
242
425
123
864
224
123
359
282
831
361
431
309
508
882
1071
1055
412
714
412
525
472
288
623
875
976
957
580
392
588
784
555
778
766
1176
1023
1172
1599
972
837
1033
1097
1047
405
316
285
431
517
732
511
642
492
980
1265
909
1150
711
1037
779
770
415
917
935
904
459
576
660
106
608
395
90
332
1041
382
349
1271
587
462
340
574
486
240
192
305
215
754
781
224
179
530
293
483
422
300
689
328
386
1065
594
783
482
148
612
249
403
991
635
538
437
313
1248
538
992
731
492
660
107
925
645
554
518
843
946
848
541
548
860
958
606
335
264
470
347
0
290
490
475
612
380
759
390
407
362
449
86
322
607
146
582
147
202
962
1259
1142
747
768
1076
974
778
669
1050
870
776
706
735
892
473
445
1368
1251
747
943
529
422
696
651
619
431
570
491
469
645
622
253
465
201
602
545
269
314
338
762
446
221
170
304
197
628
260
348
339
373
318
301
721
405
554
460
434
657
438
858
1148
1031
1117
890
414
618
774
416
486
217
493
816
460
651
337
122
39
470
102
573
439
612
229
0
502
199
230
302
331
554
198
511
26
222
230
225
359
397
740
384
262
521
416
881
565
639
608
189
676
759
395
424
853
556
162
607
347
256
295
369
553
529
255
290
263
370
23
167
573
412
103
299
201
60
762
1103
757
859
685
1319
949
599
839
1108
1317
1284
1108
1192
674
662
1074
757
901
878
451
972
616
765
540
720
451
537
485
972
616
1030
687
896
1210
1335
976
811
549
884
621
981
702
961
721
549
1117
973
796
621
786
959
316
776
741
385
894
532
428
238
657
741
385
1217
676
594
997
966
280
643
561
830
1559
863
1026
1069
820
979
837
743
1074
743
743
705
1089
934
1073
1030
672
672
811
672
858
858
1193
961
961
1463
758
1316
1129
779
1069
1237
767
1244
1028
1240
1079
1128
1128
839
1341
922
1163
807
609
795
965
1368
898
1128
712
740
1228
814
1165
659
796
899
543
733
352
258
254
428
843
404
645
476
434
429
829
273
1044
775
676
785
834
1596
867
1346
605
1137
698
782
997
598
402
400
569
534
519
573
611
807
1219
1252
971
619
669
958
997
921
323
414
311
457
868
307
326
772
945
623
1003
297
825
794
529
757
355
555
845
767
297
986
418
1084
1168
1053
748
810
844
672
539
991
958
1061
1100
488
488
488
680
627
637
810
328
277
573
586
714
747
515
598
543
888
319
1315
876
934
891
1142
839
1727
1099
1288
973
1452
711
1036
1232
1039
1302
1561
1628
1000
1174
1101
1122
1000
1000
943
797
794
1247
705
1028
1036
1170
1232
1209
1247
1422
1380
1553
910
1099
1299
684
681
699
648
950
834
994
937
734
934
542
333
949
780
364
297
297
259
681
614
974
672
535
797
309
284
688
642
1006
515
917
760
519
319
312
541
778
809
984
1154
824
1362
1322
1502
1123
685
727
695
1385
644
818
913
830
1235
833
1415
737
730
730
973
904
534
867
441
1023
434
530
849
1158
809
759
667
624
561
1071
798
845
320
967
1068
936
365
427
385
732
579
907
754
434
567
475
399
715
736
825
272
339
1008
1298
1029
1053
593
657
837
1127
489
496
672
269
150
677
251
389
309
413
909
1098
552
315
792
902
1003
869
894
1131
800
1055
1050
852
971
1025
635
757
635
1037
1020
730
787
977
701
701
662
711
1250
802
861
804
934
763
747
376
498
660
221
977
468
837
762
150
226
375
775
336
1067
439
310
243
784
722
1038
1395
857
826
272
1000
791
365
757
348
885
825
672
485
633
654
880
310
358
1216
895
587
1057
755
1045
1026
414
125
358
595
307
197
227
776
408
196
921
86
617
185
602
118
803
332
156
547
224
297
402
478
102
475
445
519
489
189
255
726
591
502
1057
741
592
369
378
315
171
399
1200
499
110
407
162
173
171
173
445
435
517
728
409
719
937
172
302
690
942
827
446
639
793
187
670
384
460
194
899
518
591
847
402
389
419
295
800
419
297
956
721
568
896
551
428
682
704
725
397
196
339
528
1018
727
403
826
240
261
666
375
268
298
847
795
639
354
747
700
688
586
957
463
181
208
709
328
278
409
668
220
401
667
129
193
760
347
905
942
1031
1000
624
732
378
492
527
331
439
612
402
101
0
76
502
389
521
214
759
728
565
239
233
793
488
206
974
841
1145
781
846
787
659
1602
753
869
747
536
683
485
659
754
677
865
987
869
1110
1096
1121
1021
578
769
1129
744
571
973
703
651
580
676
918
569
795
634
724
1182
724
455
862
1100
810
1112
1100
639
684
684
823
712
556
477
422
724
1162
806
1110
711
1013
958
941
661
625
406
277
392
523
282
645
555
383
565
406
406
651
342
545
821
441
398
478
185
365
695
280
158
918
582
723
452
325
71
473
675
599
258
206
249
71
147
57
290
470
389
438
1148
879
827
1016
723
605
446
487
977
958
337
527
589
0
90
241
236
26
129
287
708
462
508
385
330
759
728
402
386
160
853
834
93
232
561
577
83
67
543
705
235
472
416
475
477
50
546
51
247
115
117
362
311
59
55
268
460
327
398
394
937
564
1022
583
849
586
765
1091
1192
1234
878
970
469
1159
418
743
1261
905
1146
881
907
511
511
504
504
643
355
411
711
411
208
232
181
271
441
574
342
342
571
342
538
553
723
604
467
568
129
405
373
612
347
502
1022
816
460
288
540
1030
407
590
489
662
692
793
673
642
93
488
202
577
1044
1145
744
1204
952
1278
1140
1071
614
812
1343
614
1016
736
916
1003
556
1369
1602
1158
1033
1198
1305
886
683
485
578
571
277
269
320
965
551
455
811
1061
819
548
647
597
560
146
723
643
567
71
402
431
180
554
121
71
827
519
771
250
289
0
728
411
402
445
1091
1142
786
1329
588
958
927
641
719
806
470
1566
1108
1014
1234
878
1030
604
1345
778
1268
1100
709
511
292
846
292
280
193
782
751
467
384
308
404
641
270
771
988
260
129
777
421
662
342
434
223
447
218
239
468
139
1157
1309
915
768
980
1002
792
563
745
1256
1088
786
1104
665
1169
813
762
868
453
900
514
1428
1126
937
491
567
839
660
990
904
759
461
519
544
740
873
1074
472
1041
1091
1239
1041
1350
1222
1048
1088
1343
1314
1004
1494
987
922
1022
2012
1151
1539
1829
1369
1178
1435
1247
1241
1495
1495
883
1112
1159
1079
1056
1172
1228
976
1190
1448
978
978
1217
1174
1151
1189
1003
985
985
1222
891
1007
877
1247
1980
1208
1208
1510
1408
1325
1037
1082
1636
1280
1183
1221
1140
939
1592
820
1016
993
1031
1109
1663
1307
1109
1339
1172
572
823
434
700
888
620
1026
597
872
800
861
749
658
887
1256
1282
1088
448
398
474
576
398
868
837
442
660
558
649
653
966
765
765
998
947
669
701
618
643
789
697
852
724
662
762
624
820
589
551
666
862
909
480
819
1316
995
556
505
656
469
545
1429
786
844
1054
845
1420
398
745
900
1127
687
1089
883
860
1177
501
822
484
551
525
409
847
653
838
1527
688
987
888
765
654
620
907
733
817
695
761
934
884
1080
1040
1135
906
757
870
1066
976
711
537
595
570
594
584
1009
976
656
537
792
737
910
641
614
810
843
989
950
1093
981
1593
1210
981
1250
1128
1259
1178
1045
950
1847
1323
1080
1793
1033
1286
1370
1014
1557
843
1255
1045
816
1138
1207
1105
1174
909
909
1139
902
1273
582
662
648
803
789
725
782
1074
1074
520
616
750
982
868
977
1272
739
1091
522
1050
565
391
893
379
490
789
557
355
413
298
1079
1268
1084
1048
1221
911
727
705
878
999
534
1037
681
483
691
660
681
600
306
540
598
480
1463
835
992
1533
1094
1094
973
923
968
880
904
706
782
935
892
892
1066
838
799
792
982
1249
905
676
1197
841
1145
676
945
995
1082
646
962
379
1045
340
728
609
622
818
740
877
922
872
278
660
221
271
775
419
779
407
306
285
314
297
639
491
444
764
470
484
641
569
430
507
380
569
333
297
279
348
490
321
316
421
1009
865
1207
941
1686
1585
1296
1085
856
1158
906
856
1455
1099
1228
1193
837
1078
757
678
639
1002
639
1036
732
725
410
605
517
433
436
873
965
448
703
264
372
357
618
420
555
395
274
641
242
538
169
969
186
473
299
625
467
303
430
289
261
538
760
381
508
821
562
1104
763
73
375
471
293
360
295
431
826
583
560
598
299
581
891
774
543
296
322
461
592
533
451
662
553
664
558
408
741
467
284
536
311
182
304
202
337
783
287
272
661
511
355
871
706
553
682
306
1060
602
479
679
550
904
756
564
1289
1419
1422
983
846
675
777
785
955
1368
916
536
706
1045
1171
683
925
1394
1226
1200
1096
1104
810
920
798
637
612
622
541
486
731
525
935
706
446
257
816
340
759
896
503
1114
331
190
390
300
343
633
427
338
555
589
633
481
710
828
1073
1304
1273
978
565
834
1144
608
1291
821
812
236
223
888
340
565
943
1041
486
542
598
597
397
121
821
354
538
1236
1019
644
1294
1101
1078
1116
963
1123
807
1108
791
645
637
516
690
420
370
591
287
699
260
762
1224
483
863
802
680
802
370
217
178
684
738
683
552
127
217
507
812
914
635
596
589
802
644
387
542
510
646
517
683
690
1212
1352
926
987
856
525
927
1083
809
765
775
787
751
512
748
771
571
162
721
353
665
680
706
267
602
736
1026
954
868
764
633
735
829
991
752
1087
855
752
906
652
1025
765
695
1092
503
892
561
863
792
349
400
321
337
446
475
1108
657
779
698
715
664
1103
570
704
743
1143
570
1189
887
716
969
499
1018
792
585
784
416
590
661
604
514
530
215
834
1034
651
960
604
406
583
1205
903
535
1045
935
664
577
436
497
670
787
801
1093
1134
1019
919
1089
1206
1223
828
967
566
1068
642
922
1085
1086
918
932
769
663
424
607
227
318
221
571
492
329
319
739
566
392
302
235
488
698
342
144
546
385
664
742
673
728
605
667
434
568
740
596
568
606
395
359
614
769
812
283
359
319
304
753
769
360
436
310
506
732
788
727
729
1420
1249
779
1303
562
620
851
1096
332
465
1012
740
894
801
899
773
511
561
800
604
1002
646
448
448
737
883
444
444
444
537
307
825
508
397
454
893
337
322
641
476
457
738
905
1152
837
82
297
58
763
248
742
577
603
209
843
333
625
205
44
525
414
411
394
603
191
235
331
546
76
109
556
390
348
597
137
131
539
220
464
248
533
279
489
152
102
694
452
462
319
426
558
